72758
8771
93936
79555
65983
51716
87599
22996
59212
44968
30795
16897
52449
38126
23941
59823
95715
81943
67025
3347
39215
74974
60893
46970
82568
68387
4181
89433
76058
61592
97771
32954
19352
5202
91115
76655
12669
98532
84318
69955
55726
41979
27859
13324
48871
85415
71072
57023
42485
28354
13789
99846
35698
21877
7646
43110
29316
65013
51074
86434
72529
8567
94208
79841
16386
1799
87952
73692
58967
95445
81123
17209
52515
38647
74499
10001
46009
31560
67758
3773
39076
25025
60958
97137
32967
68631
54257
40447
75899
11906
47464
83590
19608
5346
91006
77407
12442
48860
84717
70029
6005
92060
27276
13487
49161
35201
71267
7401
92787
28535
65038
50564
86366
22324
7994
43720
29845
15451
1127
87224
73082
8333
94525
30087
16450
1549
38225
23709
9909
45622
31741
67229
53351
88845
74799
60689
96104
32187
17872
54050
89433
25308
61407
47164
32989
18898
4709
40615
26729
11779
47887
84048
20200
5547
41411
77036
13203
49307
34784
70376
56828
42241
27672
63927
99681
35981
21264
7060
93028
29429
65083
552
36587
22386
8123
43843
80450
15428
1767
87013
72969
58962
94675
80745
66769
52574
37842
73938
59820
96029
31448
67915
53257
89272
24706
60599
96133
32431
18257
3852
39866
75938
61773
47376
33398
68946
5399
90890
26166
62074
98683
83989
20050
6234
41430
27618
13447
99580
35029
70555
56794
92485
28454
64039
99993
35992
71720
56833
93290
79417
15339
50686
36424
72521
58529
94222
79892
66236
52151
87525
23293
59644
45440
31013
16980
2441
38485
74768
10248
46062
31809
18007
53337
39314
75542
61083
96509
32800
68107
54819
40124
26121
11986
48111
83485
69520
5522
41343
26856
62154
48842
34181
70269
55568
41981
78007
63812
49586
85730
71261
6914
92732
78783
15044
116
36266
71682
7831
93530
79705
65262
1383
36583
72898
58532
94488
30624
66490
52765
87987
74009
9479
45685
31169
17232
52646
88893
74903
10430
45995
81811
17879
54075
89633
25382
61703
97206
32584
18662
4695
40875
26138
12263
97911
33802
19731
55575
91474
77346
12917
98564
84558
20509
55768
42192
78178
13814
99941
85678
21424
7552
93172
28621
14877
50886
36275
72010
8074
93945
79859
65530
51388
37013
23545
58732
44673
30262
16597
52133
88286
74074
60208
95311
31681
67109
53019
89520
24695
10783
46569
82472
18260
54533
39981
25757
61818
47575
83085
18781
4893
90603
26754
12753
98242
34490
20405
55639
91723
77491
63485
99749
35052
70792
56902
42587
28085
14076
239
36086
71411